6698
8508
6050
7790
4724
7631
6206
9204
6874
5110
9126
3044
2152
6621
8728
2446
4973
871
5562
6180
6861
5550
5841
1950
7599
22
4028
8781
6239
4735
7793
5301
1590
2561
5819
7738
4491
3680
894
3382
1512
3605
6150
1969
1115
5831
5776
3102
2876
3389
5234
7840
7037
5190
124
9347
8860
6643
58
6856
1945
8023
9898
4114
510
1589
8999
2609
5361
7225
6822
1514
8200
7034
5753
6528
8041
660
8990
9062
9117
9793
6131
5814
2600
377
8698
8553
3144
7660
5980
2066
8296
4891
1933
6040
1256
8540
6524
7703
1863
5520
7326
8667
1257
5591
1860
4670
879
5585
9702
9047
1480
8037
3377
4581
3081
718
2715
3427
975
7057
1427
4814
3943
2219
8009
4092
6612
5815
5703
2596
1044
70
2639
1025
8759
861
4566
9813
2274
7978
2595
980
4109
7848
677
8855
4323
6961
9300
8481
3876
6083
5793
1606
5783
2779
9541
4505
4558
1952
6048
2229
8582
3919
134
7771
6272
7228
3710
5338
9772
3810
2248
7607
9177
9080
2775
101
6817
723
748
3381
1045
535
1729
916
6450
4072
4186
2550
6035
6262
4091
7598
8991
784
5509
3628
9565
29
562
3878
7993
9466
8645
6950
5303
2065
7668
3314
2383
6229
8695
4702
6258
1998
3513
9525
7608
4111
5966
625
8950
8894
5397
7663
8409
3298
3763
8184
7242
841
8513
4764
9717
415
4906
4648
1064
8924
6300
8568
3757
1645
7919
2454
2636
6762
2643
370
5221
5353
6067
9001
6111
5887
9812
1655
4779
227
4543
2398
9237
4678
6237
1459
5923
1520
4568
4916
922
7739
5223
6692
7650
4233
3482
875
1210
2901
2431
8944
2780
3049
7227
3661
7743
4337
2052
2616
390
6431
357
801
2151
4377
2738
4353
2315
4043
7564
3715
2075
4367
7637
9789
2955
4131
3828
7426
6568
607
1
6305
4361
5955
872
1686
6967
2272
6660
8294
1143
2237
2669
5781
7305
4716
6182
1389
1402
2684
8384
1419
7619
6012
2205
1016
9645
8059
6988
2940
445
3856
3791
1835
3070
6016
3088
2942
6937
9454
8955
453
7125
4998
320
2280
8152
9002
686
5472
8512
939
865
3811
5440
224
7954
1760
7179
797
7686
3745
3546
5009
5355
5651
1490
2539
5158
830
3309
8240
1824
4259
3386
1707
4562
5461
6888
7524
8436
5643
3915
856
1815
7753
2877
2517
3226
7431
1179
7442
2868
9721
8374
8051
1724
3450
7920
9646
5432
4380
4002
6326
4960
8265
7328
335
9239
6882
3558
3751
145
592
3074
6132
4357
9241
7084
5993
902
6437
8430
2771
7546
8982
1407
4471
414
7177
5161
4731
3571
693
5144
8984
9187
6927
4751
5280
5709
5996
5003
5493
3590
2610
8626
4636
14
7911
5802
9864
9288
7833
6421
4819
6209
3947
176
1379
8469
7209
2035
2944
8824
9701
5093
3991
7569
5836
460
9504
5434
5587
8365
2519
6498
104
556
6890
6219
1718
2218
7557
8707
8787
